186
192

18475

55661 1915198 -

201
203
207
214
218
222
224
252

ΙΙΙΙΙΙ1ΙΙΙΙΙΙ

11111111111

Ι

ΙῙῑὶΙΙΙΙΙΙΙΙΙΙΙΙΙι

18461

18556
18557
18566
18560
18578
18567
18568
18579

494

529

‘² ³, 520·

1
538
538
538
529
530
530
537
533
533
533
533
537
533
490
499
571
571
532
532
532
540
537
537
539
539
530
528
532

480

 

 

INDEX EDUHONUM.

ῘιῙῙ
1511
194
197
199
201
202
203
208
210
212
213
214
220
221
224
225
226
230
232
235
237?
252?
255

; L ΙΙΙ

5
11
12
13
14
16
19
31
32
33

68
86
93
95
,92¹
103
104
112
114
115
121>124
125
126
127

1111111115

ΙΙΙΙΙΙΙΙΙῑΙΙ

...1
CL

»A

Li'''{'¹¹''{¹‘'¹¹'''¹

δὲ
ι’,

18823
18926

pag.
540
576
576
542
540
540
540
561
550

545

561
540
550
544
544
544
509
531
494
494
494
494

561
567
567
544
544
553

576

544
544
561
605

544
553
553
553
561
561
557
544
544
561
564
611
528
568
544
568
544
562
544
575
576
576

 

¹ 242

 

¹ 1} ΙΙΙ

128
129
130
131
135
138
139
143
149
150
151
152
155
156
157
159

160*

165
166
167
172
173
176
177
181
183
109
202
211
233
234
235
236
237
238
239

’ 240

241

243

, 244

245
247
251
254
255
263
265
277

279
283

’ 235

290
291
295
303
304
313

164

ΙΙΙΙΙΙΙΙΙΙΙΙΙΙΙΙΙΙΙΙΙΙΙΙΙΙΞ·

ΙΙίΙΙΙΙΙΙΙΙΙΙΙΙΙΙΙΙΙΙΙῙΙΙΙΙΙΙΗΙ

18818
18819

18869
18861

ῈΙΙΙΙΙΙΙ

μ
α
0
ι,

7⁴-—

ΙΙΙΙ

19000

pag.
561
561
577
576
544
475
544
567
573
574
562
562
523
523
562
544
544
522
523
523.598
596
544
567
601
583
576
583
583
583
597
598
599
598
598
598
598
601
598
598
598
598
598
576
602
559
609
601
610
611
612
612
561.614
610
617
617
544
544
544
477

