806

Ρ
19244
19245

Η

19247
19252
19254
19260
19266
19267
19296
19297
19298
19302
19312
19316
19324
19325
19331
19332
19346
19352
19361
19362
19394
19401
19403
19404 160
19405 162
194118 -
19411 165
19421 -
19429 cur 25
19430 -
19434 cur 28
19435 -
19443
19464
19430 -
19484 -
19436 -
19488 -
19492 -
19493 -
19495
19495
19498
19499 .-
19501
19502
1951315 —
19507
19510
19512
19518
19532
19538
19539

1 1 1 1 1 1 1 1 Ι 1 1 1 1 1 1

11111ιὲ

164
159

cur 27
1-111· 26

1 1 1 Ι 1 1 1

—
›—‹
*⁴—

19551)

19552

1

-ι

1

1 Ι 1 1 Ι 1

11111Ξ111111

 

pag. 1‘
712 10563
631 19534
626 19590
639 ,19593
661 319601
627 *19602
654.6611ἰὲἓῗξ
ἓξὲξ 13⁶1ss
551 19623
63367349633
⁶54 119644
:333 7121· {3:333
ἕξζ 119692
ὃὲὸ 19696
, 19704
{ig ,19719

s 19747
33² ’19752
ςῧῗ ’19757
⁶25 ’19762
⁶33 119765
{gg 1¹97⁶9

,⁸ RWTT
b33 19773
Ϋῗῗ 19730
“3³ 119797
654 11980)
ῢ35 (19309
§39 110315
139 119320
ἓξξ 119336
ξ’ ζ19843
ῗῗῇ 10356
gg} ¹19373
1 1333ss
ΞΞΞ 119399
⁴153 1 19902
33
⁶⁵3 119923
⁶33 119925
⁶3¹ 110926
⁶92 119927
⁶92 ‘1992ss
⁶40 119920
“ΤῙ 119946
4⁹4 ¹1994?
⁶35 ¹19953
331 ,19970
ῗῗῗ 10976
93? 19934
651) ,

(iq.) 1 199ιὲ1197
15:33 s 21111111

INDEX EDHKONUM.

Ι

ἓ

sulscur

Gan»

1 1 1 1 1 1 1 1 1 1 z:

1

ἑὲ

1 1 1 1 1 Ι 1 1

:⁶
-1‘1

Ι 1

..a
0
CB

ς,11;111

Ι 1 1 Ι 1

v

ἰ’

11311111111111111Ξ

1

pag.
656
691
649

1 Ι 1 1 ““

,-
Φ

612.695
649
671
627
671

1 1 1 1 l 1

706
661
664
664
695
706
661
664
649
485
671
611
ἭἋ1
700
665
665
665
665
631
647.648
671
668
522
665
667.711
476
665
627.696
700
633
711
677
717
671,677
671

1

22
ἓξ

1 1

1 1 1 1 1 1

717

ιιξ

ἐξ
μ.

671
665
672
672
698
696
703
649
713

11111111111111111ξ111111111111

678

654.664
“71. 695. 700 1

663.667.

1574.1577.

1 P
’20002

2063
2οὋ5
20015
ἱ20017
120019
20025
20023
,2οΕ9
120030
120031
2062
ΙῚ20049
20051
Ῐ20052
20072
’20073
Ἰ20074
Ὶ20090

20091

20100
ς20103

 

20110
ἷ20112
Ὶ20115
20116
120123
120131
ῑ20136
120142
’20145
20147
120149
ἵ 201511
120165
120166
120167
120171

Ἰ20174
120175

20163
120191
120194
ἴ20200

,20209
120220
420221

20222
320223
,20220
,20230
ῑ20232

- 674.677.

703
- 631

120239
20246

eur 5 et 6
cur
eur

(ἴ
C

·-t

Ι 53 1 1 1 1 Ι 1 1 Ι 1 1 1 1 1 1

41

,-

1

8

1

1 1 1 1 1 1 1 1 1 Ι Ι 1 1 1 1 1 1 Ι 1 1 1

1 1 1 1 1 1 1 1 1 1 Ι 1 1 Ι 1 1

Ι Ι 1 1 1 1

1 1 1 1 1 Ι 1 1 1 Ι

pag.

675

677
677
677.678
674
528

706
676
678.679
679
676
676
678
676
676
684.
701
684
717
701
707
674

696

.703.
707
717

684
707
647
698
558
685
698
685
700
676
631.686
700.701
647
683
674.698

701 703.707

701

686

703.707

687

684

701.710.
720

674

698

674.703

686

713

693

692

703

693

692.693

