794
L 1 l' Pag-
198 e. ψ 342
198 1' 15692 343
198 g —- 343
198 h »- 344
198 i — 344
198 k — 336
198 l 327
198 111 — 328
198 11 15678 338
198 o 15693 339
204 - 367
207 - 347
209 —- 283
211 - 319
213 ffl 104
218 15723 319
225 15739 a 374
238 d 347
240 —- 336
242 — 335
251 - 348
253 st 287
256 10780 348
261 - 335
267 - 352
270 — 375
272 - 353
275 - 326
297 151 ) 1 346
301 374
308 - 319
317 15768 362. 404
327 —— 320
329 j 319
338Ι - 362
340 - 348
341 ἡ 355
344 15795 336
“358 — 362
369 15840 358
379 ἡ 357
381 ² — 355
386 — 375
389 - 367
391 - 362
396 - 359
400 a, — 356
400 b — 357
401 —- 373
41 17 — 357
41 l ῌ 348
416 - 362
42( 1 349. 362
426 - 371
437 15873 347
447 ἢ 369
450 401
15ss 371
vluo j :547

 

L Ι
469
472
478
487
489
498
507
515
529
536
539
540
544
546
550 ί1,
550 1»
550 c
550 d
553
556
557
558
563
574 a
574 b
579
585
556
591
592
59711
597 b
597 (-
597 d
598
001)
61 1
618
621
621 b
631
645
646
652
653
671
673
675
676
684
691
692
694
697
699

704 1ᾼ

702
703

1

INDEX EDIT1ONUM.

 

1 paug. L Ι
- :323
— 336 710
- 361 711
- 360 718a
15925 455 718 b
— 431 722
15783 378 723 ει 3
— 117 et b 1
15949 362 743
— 362 755
—— 190 757
— 362 758
15918 227 759
— 363 762
Μ 364 767
- 363 ’770
-- 363 777
— 319 788
- 411 792
15758 317 793
15999 379 794
—- 420 0111· 1
15094 370 *cur ι)
16000 371 cur 3
16001 319. 366 cul· 4
15987 8 cur 5
—« 205 ‚cur 6
»νὴ 369 {cur 7
16008 379 ’ (sur 10
15990 368 1 L 11
ξ. 300 ¹ 4
15991 369 7
- 369 31
ἢ 369 34
-— 370 35
ν- 331 36
16010 366 37
- 371 1 30
— 370 ¹ 40
—- 314 45
—- 375 48
16029 371 58
- 371 59
- 336 72
Α 375 77
Q 35⁴2 90
- 302 93
ss- 362 ⁹7
‘— 37„ 100
1606ss 330 Ῑΐῧ
- 336 ζ
- 373 1131
“ 35² et b
, ff 33ss ¹23
125
16066 336 134 a.

 

r
160573
100801
16074
16068

Pag-

332

374
374
374
375
329
332
366
319
376
376
376
391
415
149
377
382
366
319
362
349
351
352
332
328
348
366
367

348
378
420
423
423
386
332
386
386
386
381
383
381
380
382
386
420
383
233
384
415
385
387
386
423
199
402

 

 

L II
134 b
150
179
181
187
200
209
210
244
249
257
272
283 a,
283 b
283 c
285
286
292
303 a
303 b
303 0
303 d
311
318
330
33ss
353 b
358
361
362
364
371
375
378
391
392
394
395
410
428
460
461
462
465
466

486
L HI

111111111

...
Ξ
²3

1

..a
<5
0¹
Φ
0*

1111111

16012
16444

16579

 

