P
14333
14334
14335
14336
14340
14341
14342

14343-2

14345

14360
14361
14365
14367
14368
14370
14373
14374
14375
14382
14383
14384
14389
14395
14397
14405
14411
14412
14413
14416
14417
1441911
14420
14422
14423
14424
14425
1442711
14428
14435
14438
14443
14446
14447
14452
14453
14456
14457
14470
14471
14473
14474
14481
14482
14483
14484
14496
14498
14506

ΗΕ6.ΡΟΝΤ.1Η.

LVIII
cur 76
518
cur 75
521
28

cur 77

L lx
cur 1
363

17

19
20

148
68
77

144

83
84
80
82
269
93

108

122

13

5345
5251
5344
5254
5297

5346

5544
5558

pag.
87
92
93
93
49

103
96

97

99
113
113

30
113

ψη

234
12
12
12
12

1015.
30

150
32

115

12
234
149
103
101
234

30

30
104
102
102

75
149
149
149
105
107
199
108

30

30.169
260
125
109
107
138
138
110
111

68
149
198

fis
111

INDEX EDITIONUM.

l)

14512
’14516

14519
{11522
14523
14531
14532
Ὶ14547
314545
’14549
14550
14554
14557
14560
14561
14564
14566
14570
14575
14577
14578
14557
1459011
14594
14597
14598

1970
,1910
ἶ14603
Ι11606
14608

 

,14616
Ἰ14620
Ι11621
’11639

11611

14612
Ξ14646
Ι

’14652
’ 14652 ιι
Ι14655
111658
’1465911
Ι11660
14661
,14667
Ι1466611
’14660
ἱ14616
Ιι46ῑ9η
’14660- η
314552
]14653
314684
114689
Ι14600
Ι14602
Ι14603

121X

121

185
160
166
167
173
188
209
198

226
214

237
262

258
323

cur 9

291
ι·111· 10

146

62
50

09

cur 9

13
5557
5621

5596
5602
5603
5609
5624

5645
5634

5662

5650

5673
5698

5694

5761

5791

5727

5792
5721

5772

5793

5864

5881
5867
5874
5872

Ι Ι Ι

5921
5909

5928

pag.
113
192
114
192
198
103
115
117
117
149
304
123
119

731

135
122
30
123
125
88
121
160
S&
122
88
125
91
123
234
85
135
124
163
149
234
234
113
30.169
125

126
348
211
211
126
182
128
182.380
126
155
30
134

134.728

30
131
12
145
129
133

 

Ρ
14697
14698
14700
14701
14707
14711
14716
1472511
14730
14731
14735
14740
14745
14762
14766

14771
14774

14775
14785
14787
14789
14792
14793
14796
14799
14800
14804
14807
14808

ἰ14809

14810
14828
14834
14839
14840
14845
14850
14851
14852
14854
14857
14865
14872
14874
14875
14877
14879
14987
14890
14894
14895
14897

ζ1491κ)

1490311

111905
ζ14906

14907

L X
cur 7
cur 8

140

95

,90
cur 10
122
140
143
161
193

210
L XlI
337?

‹wu‘ 24

624

<7⁴
ΕΞ

15

5999
5954
5949
5981
5999
6001
6018
6051

6068

Ι

Ι Ι Ι 1 Ι Ι Ι Ι Ι Ι Ι Ι Ι Ι Ι Ι Ι Ι Ι Ι Ι Ι Ι Ι Ι

101

801

pag.
137
135
141
182
139
139
139
148
141

22
123
142
408

.169

