L III
7 1
84
97

138
144
145
159
160
161
162
167
170
177
185 b
258
sub 258
279
287
307
312
314
323
326
361
364
372
374
375
381
383
384 a
395
396
397
398
400
402
403
404
405-
408

L 1
5
18
19
59
71
72
91
92
98

:¹

11

2
{1111
ι,

:¹¹

111111111133111111111

ΙΙΙΙΙΙΙΙΙἩἛ1

ἓ

1 Ι

1

3784

l)

7
20
21
61
73
74
93
94
100

«.. 431

422
420
411
420
451
309
422
731
416
424
424
422
421
422
422
423
422
422
422

422

18152
18239

18272
18283
18316

 

2
(ἐπι-υ
’53

1111

170( 10
16958
16998

17054

*1111

17122
17154

1111111111

INDEX EDITIONUM.

pag.
402. 732
386
426
425
412
431
426
422
4:10
451
420
427
430
416
433
433
432
4516
435
434
416

443
424)
420
41 §v
420
420
436
4 37
435
502
437
430
44 6
440
441
434
305
442
442

L

L

 

IV
103
106
118
125
130
133
140
169
170 ιι
170 b
173 ’ὡ
173 b
173 c
173 d
17ἶῖ ο
‘203³
220
254
286
292
31 13
3⁸20
3²21
v
4
6
11
27
30
32
34
49
59
79
89
99
107
110

118
122

ΙΙΙΙΙΙἿ

17323
17331
17332
17333

17335
17336
17:343

ΙΙΙΙΙΙ

pag.

443
732
443
444
443
385
416
466
445
446
446
448

448
448
406
448
448
420
456
449
463
462

450
450
452
411
411
433
453
433
455
456
453
451
454
455
453
456

URBANI IV EPISTOLAE.

L = Liber Reyestorzcm cnm numero epistolum V Ξ Velamen Reyestorum cnm 'numero folii et epistolae
[cf.2)1'«es'‹‘‹tin›1e›11]: 1) z Dor& et (ino-aud, Les Inqistres (I'Urbam IV,- P Ξ Potthast, Reyesla. Pvmifz'cmn;
pag. z Juqsitm 'nostrae editionis.

L 1
102
107
109
123
136
l. ΙΙ
2

6
8

1)
104
109
111
125
138

140
144
146

Ρ

18346
18348

18337

18400

pag.
486
488
494)
491
615

499
492
494

446. 447

1 L Ῑὲ
1

13

17
28
37
38
39
42

 

Ι, V
127
132 ιι
132 b
140 a
142
145
151 a
151 b
180
203
206
217
231
240 a
240 1)
241
248
262
263

L VI

10
21
snb 21
33
60
61 a
61 Ι)
61 e
76

123 ει
123 b
124 a
1241)
125
132 a
132 b
137
L VII
10

1)
147

151

155
166
175
176
177
180

,Ιὶντ

μ
Ξ
..a
0

Ξ
ΙΙΞΞΙΙΙΙΙΙΙ

17873
17948
17949
17947
17956
17957

1)
18415
18428 ρ
18709 1
18429
18431

795

pag.
457
456
456
453
453
456
459
458
412
4 13
386
463
464
460
461
461
371
405
461

371
465
466
467
467
466
467
467
467
469
471
471
469
471
471
471
473
473

, 566

pag.

ἴ 124. 441
490

498
500
494, 544
563
561
503

