INDExq ED1T10NUM.

 

13 p pag, 3 Ι, IX R P pag. L X B P pag.
5511 14411 234 256 5692 — 135 1 44 5902 2 312. 597
5512 ⁴ 234 253 5694 14590 5 122 45 5903 - 146
5513 14446 199 259 5695 4 173 ¹ 47 5900 2 182
5510 14473 133 1 261 5697 4 176 49 5900 - 132
5517 -4 135· 1 262 5695Ι 14576 160 ¹ 50 5909 14664 131
5516 14474 133 , 204 5700 - 170 51 5910 - 110
5519 14470 109 ’ 266 5702 ἡ 123 62 5921 14663 30
5520 14471 107 1 269 5705 14431 110 66 5925 — 132
5521 110 276 5714 « 116 1 67 5926 — 132
5525 4 107 235 5721 14616 163 ¹ 69 5927 ἡ 133
5529 14462 11 1 1 269 5725 j 135Δ 1 69 5926 14692 129
5530 ⁷ ⁷ 122 290 5720 — 123 , 72 5931 W 33
5530 > ἡ 112 4 291 5727 14606 135 79 5930 - 134
5542 — 122 ¹ 292 5729 - 123 35 5944 ω 731
5543 a 227 297 5734 1 129 39 5947 - 135·
5541 14493 ⁴ 3 ’ 307 5744 - 123 90 5949 14707 139
5546 ⁷ 227 310 5747 ’ 25 1 94 5953 - 132
5547 -ff 90 312 5750 Ὗ 197 95 5954 14701 132
5550 - 115 1 323 5761 14597 125 97 5956 W 253
5551 ᾼ 115» 329 5707 11 26 96 5957 - 132
5557 14512 113 ζ 334 5772 14641 113 100 5959 - 8
5553 14506 114 335 5773 ῌ 104 , 106 5965 - 140
5576 w 123 339 5777 -- 134 , 109 5900 ἡ 129
5577 — 123 ’ 342 5730 - 123 1 110 5969 μ 102
5560 14447 106 349 5731 - 122 1 111 5970 - 731
5561 --- 105 1155· 1 5733 14360 99 122 5931 1471( 139
5564 14433 105 ,cm- 2— 5734ss (μ, 124 5963 - 117
5535 - 115 mu· 4 5730 ““ 125 5984 - 196
55843 - 1251 10111· ῗι 5737 14412 149 128 5987 — 140
5567 117 11415 9 5791 14601 123 , ,14700
5595 ἡ 123 1651- 10 5792 146019 121 ¹4⁰ ”⁹9²¹ 1 14730 ¹4¹
5596 14532 115 3 «51» 11 5793 14646 125 1 143 6001 14731 22
5602 14547 1 17 1 356 5794 ἠ 33 '2 147 0005 j 123
5603 14546 117, 731 1 303 5301 14361 113 1 153 6010 — 121
561 19 14550 304 ’ 304 5302 — 123 j 159 6010 - 125
5611 - 117 372 5310 ’ - 127 161 0013 14735 123
51512 - 118 377 5315 - γ 105 162 6019 — 123
9021 149111 114 394 5332 - 152 164 6021 - 113
5622 ἡ 112. 731 395 5333 W 135 191 6043 - 134
5623 4 731 402 5340 - 1 13 ζ 193 6051 14740 142
5624 14554 123 409 5947 - 732 202 6060 - 197
5030 - 133 ’ 1, x 203 6061 ἡ 142
5631 Α 731 7 5364 14652 126 ’ 210 0000 14700 129
5034 14500 135 9 5366 - 127 1 221 6079 - 143
5635 -- 123 1 10 5667 14660 132 231 6039 14 75 123
5639 - 123 13 5370 - 731 233 6091 - 150
5641 - 1 115 15 5672 14667 132. 360 238 6096 - 149
5644 j 302 1 16 5573 — 121,- 1 239 6097 — 149
5645 14557 119 i 17 5574 1455] 123 :342 6100 - 143
ζ)1ξ413 - ¹2³5 ’ 19 5577 - 112 „50 0109 ,14793 144
”04⁵ “ 1‘7’3 ῃ 23 5331 146595, 126 “ ” 1 147915
5050 14570 125 b) , ,- ‚34 —a 10⁰ 258 (3115 ,- 79
5656 4 160 317) ξξῖ ᾖ 1311 279 0130 - 36
5662 14500 123 33, 358ιῖ ἡ 1ζῖ 1 292 6149 14799 147
5673 11577 121 ’1 ζ881ζ -’ ῙΊΞ 293 0150 14007 143
5676 - 112. 731 32 5390 A 132 , 295 6152 ᾗ 149
sffi‘* 7 ¹⁴³⁰ 33 5391 — 130 2911 15153 — 140. 732
5090 - 17⁵ 30 5394 a 191 1 299 6156 14606 146

 

5691 176 42 591 10 2 131 302 0159 14810 147

